NNRegular
0.778511 53.1632 
-43.7036 2.09574 
25.3669 -2.71713 
0.917835 -0.0649491 
-36.1316 -17.7926 
-33.0456 -53.1318 
-16.0459 -44.3963 
9.76759 12.9232 
14.8153 49.862 
22.8477 -7.61896 
36.1891 -10.7365 
-28.0334 15.3122 
42.4017 -6.46599 
30.3502 -18.1694 
9.10438 61.9529 
28.0008 13.719 
-6.68589 37.2304 
-29.2985 -27.5208 
27.8323 14.8885 
16.5186 -47.7821 
5.0605 -28.6392 
22.4635 -27.8342 
15.3439 -5.88249 
33.3582 -15.6988 
-31.2346 -29.4994 
-6.3256 -0.589809 
14.0118 -18.0659 
-27.0141 5.00334 
-23.3648 20.6185 
-18.4386 -0.305915 
5.88878 34.6628 
-3.00079 -15.6567 
-7.61873 -12.075 
30.4129 -34.3283 
-12.911 27.1971 
56.6123 -16.9261 
-55.5629 -46.049 
28.6435 -19.0799 
# 
18.5032 17.8029 -78.9193 -32.7324 23.7843 19.4392 20.0532 3.4625 2.36397 -78.2934 28.6243 -2.69787 26.0779 31.5069 -3.69502 31.0869 -33.7508 -50.7906 23.7006 -61.4639 34.8092 2.441 42.9414 -0.272505 -29.0209 61.2871 -4.18854 2.7192 14.0972 -3.74129 -16.7701 -76.0795 -7.16006 -45.7287 -13.2784 31.6989 29.4073 -18.8994 -25.968 
-26.1517 17.092 -26.1018 -118.623 14.0731 -64.0892 10.5244 -22.4395 -30.8163 20.2471 49.2256 10.8217 -9.4366 14.5184 -10.0211 29.8574 -11.8638 25.0389 -16.2808 31.7208 -17.4179 -65.0893 41.7398 -12.5729 -15.5487 13.3169 -29.1302 39.3997 -76.7026 59.0998 14.8563 2.83477 -22.1846 28.7082 42.3654 10.9476 -48.147 -10.2589 13.2259 
-3.29367 31.0272 35.1881 -32.7144 -60.9699 48.6374 56.5853 44.2064 -31.1823 -54.5491 -4.89058 5.6074 -22.7225 32.9278 23.2558 -26.6632 19.4829 -2.88125 -17.215 27.0895 -26.0095 70.8603 21.899 28.0427 18.003 11.7854 25.51 36.0754 38.9978 -5.82293 40.4372 5.81667 43.6916 -4.28852 14.8529 -20.2159 -33.4431 19.4915 -20.5408 
-19.8635 -35.214 29.7212 25.3945 -1.76634 -15.7751 -40.669 -25.9764 -14.1182 38.8038 35.84 -20.2285 22.7688 11.531 -3.02867 7.48012 -0.253135 11.5589 9.96403 -26.7661 2.58508 7.97155 -4.48527 -37.5257 -8.88428 26.1315 -27.389 -8.96678 -14.8299 17.5249 -21.2366 -23.0757 -28.7801 38.7373 18.8143 21.341 -85.8977 84.9171 -17.7667 
15.322 1.28422 -34.4095 -7.189 17.2741 33.9084 -21.0646 -43.2927 23.8013 -52.1097 46.1414 47.0325 7.27936 26.7884 -52.862 26.8518 7.50841 -18.9746 -37.2623 -9.96439 -17.7041 -3.81089 -63.7076 18.3207 13.1097 20.34 -6.29216 -20.3592 16.1283 -41.9348 18.714 7.44193 -26.8459 -66.745 2.01258 -16.2027 -31.4839 -22.1745 -27.6232 
-35.3956 5.98394 24.0242 17.1245 15.1878 -35.353 62.3578 0.246613 50.1748 0.949704 7.07748 19.2236 65.1913 -29.1708 -24.2706 59.8288 62.5642 6.09155 4.70127 -47.6249 -25.4574 -7.38262 0.031842 -19.6004 25.4533 -37.4594 -9.93018 7.27209 25.1686 10.2647 19.9624 7.64718 4.69764 24.0471 0.479541 28.9394 9.26873 5.12022 -35.5068 
-2.61438 -25.4159 32.9805 16.2706 -1.71562 64.2571 -19.0308 -5.28447 -19.3835 37.3656 4.12894 4.39672 -12.6072 -2.52862 18.043 -4.86212 12.8536 -8.49312 22.9938 27.7821 -16.9074 7.45678 2.74722 3.1786 28.2819 31.4715 34.5257 14.4639 67.5704 -24.0655 -33.6585 4.36761 20.2774 -11.0205 -14.6869 -3.29795 -27.4199 -22.0097 -11.0056 
-7.68106 12.519 -33.4971 11.2028 -61.3918 50.0501 20.9128 -14.9281 -29.0547 3.07073 -0.869046 -49.9221 46.3779 4.65004 -6.49811 -13.1398 12.3091 -14.7753 5.66947 23.2544 -1.11529 19.0943 32.4023 -9.06399 20.1081 -19.7882 14.9121 -0.370054 -21.1809 -73.4412 -9.83644 -19.2708 22.2867 -6.2312 -0.574363 36.7198 -7.6172 -11.9025 26.1302 
-28.7931 15.9058 -26.556 -80.0874 -18.5917 -11.4438 -52.1052 14.1295 -3.90272 36.5555 -29.1714 26.3214 23.106 1.72012 1.14491 -47.5601 -39.0532 48.4385 -8.38198 28.0036 -24.2156 -22.2107 -23.1227 -16.2919 -4.99017 6.43774 -20.7309 -1.31598 -12.5167 -6.07049 45.3183 26.5051 -7.61359 2.70374 -33.8345 -58.9348 -9.81799 15.8073 -36.5248 
7.98296 15.9683 5.87275 -1.64593 25.0967 0.263872 -52.9586 36.5839 -31.5902 -19.1729 31.9213 43.8753 -30.8793 31.9334 42.0048 18.6586 -3.53085 -12.4162 11.1294 -3.99474 41.817 -13.1359 69.4465 -6.11027 -1.75233 7.17446 5.82818 17.2803 -67.8504 23.8171 -4.44244 22.0915 11.4395 -34.1399 24.6098 -11.133 21.5102 18.1505 -35.2714 
12.79 12.4231 -16.415 8.6447 -20.8653 2.67818 -26.6514 31.2301 -33.8324 -0.437741 24.9354 45.1021 17.3571 -15.4417 -71.1716 -31.3311 13.1274 -4.116 16.6659 -9.32152 -85.1007 -20.457 42.2012 25.899 33.5419 -58.2772 -64.8452 -64.3156 -30.0554 3.42021 -19.2177 42.1762 -36.7957 6.98187 -3.02608 66.7177 15.6543 -43.9565 26.0898 
-21.1628 -58.8367 45.3098 -50.9726 26.4004 -9.78672 -8.77871 23.3499 15.161 -34.0603 -33.31 -8.38315 -60.9837 25.9348 50.7298 -37.2464 -43.5822 -0.371709 -36.2475 -23.4939 26.2013 -16.1404 -17.1048 -32.7491 -27.5079 -13.6273 8.41239 17.6593 -9.14463 2.60897 -48.6469 -96.6894 -5.2598 25.8907 -51.8197 -6.95407 -19.3434 40.7422 -15.5446 
-18.0063 45.2368 34.5202 7.9422 -2.72298 -60.9 -12.9585 -19.7582 31.2551 29.6545 -23.2912 0.60309 -15.5272 16.8501 3.31696 -19.8703 29.4431 -2.0713 53.3526 44.2869 0.291526 -23.4936 -9.4854 -24.9887 16.5138 3.58203 91.8916 -2.67187 38.4066 48.1078 -15.2182 -30.8218 13.76 48.5724 -30.5057 -13.69 0.326894 15.6091 -49.1067 
57.5072 35.4396 -18.7784 -45.6718 18.5254 104.052 -81.486 6.95202 -13.0476 -8.66383 35.4908 -57.4364 -18.7312 -22.1917 20.0218 -30.4455 53.6977 -25.1779 23.9572 -43.6301 -40.329 1.9474 -52.7748 -34.5188 8.69091 -76.4552 20.9102 -53.9267 33.9331 -48.1061 -22.6049 -4.01505 -17.4135 14.4367 0.718986 6.67056 10.8113 -10.8758 26.1613 
-27.3924 18.049 -5.86407 -3.12912 -14.2082 2.08852 -43.9621 -36.122 20.6484 -6.27003 -26.2574 -18.5382 -4.42242 21.0582 -2.09294 -4.61026 -39.6545 66.6554 30.8988 -24.3297 -70.2774 12.2298 3.61773 -11.2369 -2.96246 -18.5932 1.08112 -4.92221 -29.6288 -39.5969 14.9188 -28.9706 11.834 -19.0437 43.1132 -44.3081 -0.670257 -8.51165 -1.21509 
7.29072 38.3248 29.5609 90.6499 -41.0887 47.4156 -16.3668 -20.8658 -1.69828 -39.3974 -92.8407 -38.1955 -3.65105 53.686 -25.8066 -8.70561 -32.5344 -15.4516 -18.5102 28.2069 -10.1373 10.9558 -29.0263 -31.8539 56.4306 -20.3706 -25.1365 33.87 16.0823 24.201 -4.79752 -22.4127 -48.7217 41.4929 21.506 -4.14892 12.946 67.617 -34.7361 
-12.3144 22.1688 4.70727 -27.9949 23.4996 -37.0322 -23.5122 -53.5872 37.8759 -31.2241 -23.4244 19.776 -6.48197 -4.74885 25.1951 38.4403 -21.521 1.62011 -24.048 50.1498 -8.18447 -11.1421 1.2265 85.7979 -7.20231 8.03328 14.1779 76.5642 29.7133 9.06168 14.8283 29.0014 -2.80522 0.920849 -7.34808 -37.5132 5.04222 26.1229 23.4455 
-12.8555 -17.0877 24.8617 -1.94784 -13.1345 -33.2535 6.51481 77.8892 -2.5614 -42.414 -42.4541 18.3004 26.1811 7.62617 18.9865 -2.45997 -47.1733 -16.6323 55.2325 38.455 21.4787 24.1762 50.2637 15.9484 -13.972 -42.2121 -45.1049 7.09215 -39.589 -28.4899 6.56763 20.707 14.0202 4.91964 -10.8653 -31.2325 -26.176 -43.1891 18.2794 
28.4287 36.1953 25.0842 22.6906 -18.0251 -17.5527 34.1979 -14.729 -16.4145 2.45636 -33.5157 52.3644 -38.6228 -5.40715 -6.12112 31.1005 67.9252 4.81814 47.3746 -6.29926 8.15116 25.6548 14.3583 -66.9824 12.2111 -59.4215 7.60911 -78.4913 -17.3133 15.3613 19.3206 -54.6236 25.0886 54.7057 -3.68174 43.8832 -2.86851 -29.7511 19.374 
26.1402 45.5443 -0.193278 -7.30999 11.9355 74.6662 -19.1138 21.873 7.35905 15.7713 49.342 -10.5545 -57.5862 -38.8297 15.0588 -28.5491 -9.9861 31.1278 12.6289 -57.7489 15.7666 -15.002 -6.16994 71.1956 21.139 0.877038 -30.1726 98.3247 -16.7286 14.3679 -9.09784 -1.01197 -0.184843 -52.0293 2.5749 18.8199 -49.5839 -31.3734 -4.29615 
-42.4864 24.9943 -27.387 25.1017 28.044 47.9351 24.6339 -36.4447 -14.6339 54.2062 -30.6715 17.8354 -1.79982 14.684 -19.0527 -68.9087 -4.44212 -26.0809 -14.4562 -40.07 38.0181 -28.1076 -16.7112 -46.7912 0.168923 -36.7315 -12.9179 36.2441 -79.7094 38.6612 -15.8072 -8.60363 -15.9156 37.6887 -12.8496 -19.0027 -3.25101 16.3403 31.816 
27.7797 -38.8496 -29.0394 53.8177 40.9294 9.22363 4.90512 -23.1324 -26.7286 -17.8557 2.54999 -15.4823 -33.0976 -20.3204 52.7801 20.2878 -34.0643 -2.27983 10.2186 18.0355 9.26144 -31.8151 16.3339 -27.938 -35.8231 -21.3473 -14.7528 31.6476 -31.2213 53.8034 50.5009 20.935 -41.0945 -13.6963 -0.0214754 46.4988 -40.873 -32.9885 13.8171 
15.7347 25.9112 -8.25785 -33.0883 -15.9076 15.1978 -23.6355 -8.75371 122.599 45.8339 -15.1802 18.2925 -44.8158 29.2044 -5.71347 -37.9006 -29.2136 12.7672 -17.5667 -37.0719 -41.1483 -12.8762 14.5186 37.9364 69.6598 20.1488 -22.6034 34.7296 48.9409 21.0873 -24.0499 16.0895 9.7556 14.1572 27.9329 23.8426 -40.0691 9.95717 27.4286 
5.47485 -8.96216 34.5104 4.60703 -9.66377 -9.69404 31.541 8.43351 -26.5898 20.6879 -60.3269 17.7658 -9.36636 31.0768 -4.02758 3.7538 10.9704 -7.7503 -28.2303 -14.9042 42.2556 29.037 38.871 -57.863 -4.36245 9.66992 46.9093 8.8683 36.466 -10.6252 23.8426 -16.701 31.3986 -18.228 8.88911 -8.63796 -26.8753 -9.99837 -24.4618 
13.4407 -12.3584 47.9991 67.9984 24.3993 -22.3811 6.47781 -25.3018 13.5391 24.9502 -6.40602 -15.1704 15.1305 67.4061 -56.2519 4.23807 -23.7857 -24.461 25.8513 -20.1619 -23.9048 -34.6447 -0.0868373 -20.0521 -6.85674 27.3854 -23.5321 12.9717 -48.308 14.5249 18.1678 -27.5854 43.6872 0.671526 31.7357 36.3813 -15.5676 -42.4896 -1.07808 
-7.71129 -32.7952 -73.0808 -4.12614 101.799 -33.104 29.2565 -15.9179 2.21754 68.4726 3.49136 -7.52074 2.15949 -2.6031 -25.1298 17.47 25.7536 5.50613 -6.13074 -42.5828 -4.87062 45.0142 17.1537 37.9282 -62.3625 -39.5598 29.284 57.1456 -18.9764 43.4618 7.29623 29.1896 -29.6787 47.7716 14.4501 -41.3974 36.2554 -21.683 -7.65302 
# 
-9.95944 -32.6567 -8.84364 -38.0814 32.4666 6.86137 18.6525 6.4605 20.9015 13.823 24.5642 13.3464 31.1419 40.465 48.1769 -26.9583 21.8869 10.9295 32.4355 -13.8823 -4.22213 23.9382 -4.30561 10.5482 -1.17652 -14.231 14.5487 
51.1757 -10.9227 -28.8735 -1.06391 21.362 -20.5611 21.4017 20.9665 4.93286 -12.2051 -21.3801 -84.8945 25.89 10.8512 26.4026 5.7398 -18.309 38.1233 16.8188 30.803 -40.9104 -6.57778 22.1026 7.16394 -13.9541 33.7529 40.9278 
-1.60871 -65.8306 69.618 -42.5404 -50.1239 -2.86815 24.518 47.2093 48.5918 -33.7258 -5.23037 -35.3223 1.22968 25.0307 -1.58837 -22.4473 -21.1268 8.40851 19.8195 -17.819 -5.07587 19.6277 -11.3804 3.29129 13.0762 16.7962 11.8318 
-9.34983 2.83498 18.2074 -50.7168 19.7093 4.6953 -9.62509 51.2955 8.19259 -67.0887 14.7011 41.3974 -5.34319 -16.9041 2.44286 -19.9453 6.15489 -6.63783 14.5972 46.2168 6.25348 21.5256 -1.46777 33.3509 -50.0822 1.35966 -34.8243 
18.8631 -17.4231 19.353 -17.8316 6.04637 6.35075 -1.22541 9.49764 1.62155 -8.31923 24.0219 -21.9172 50.9289 7.79761 0.76692 -33.2636 -53.5919 26.6044 -9.10681 0.232716 4.30712 -8.77051 26.2484 -70.4008 -9.37822 57.3991 -49.7554 
30.1339 26.3392 32.5557 16.8183 14.923 -9.64895 -8.13899 3.62272 -62.1298 -9.64484 -86.4167 20.2345 26.7786 -39.7009 47.2576 29.3853 3.21563 -2.27224 63.7219 -51.9985 -9.46655 -21.8815 25.4341 18.5085 8.66329 -56.36 -31.2068 
27.4431 19.5093 -38.0728 4.39018 13.7015 44.9763 46.0151 3.89278 -24.0065 -30.6638 18.2686 28.3826 0.158078 -49.8299 -8.00985 -19.5354 -12.4452 -55.2064 -34.2316 2.04637 47.411 -18.8165 12.1675 -2.39062 17.5054 25.2493 -34.7682 
-1.60626 26.6301 4.59304 39.5039 40.2285 12.6309 -1.75239 -27.8639 9.52732 -20.6413 44.0417 25.3799 23.3504 -15.6799 21.4043 17.1106 -34.7351 0.406305 21.4161 -2.51066 33.3555 23.2304 5.51175 -57.5299 46.6077 -17.3746 -0.759639 
-11.5005 21.9074 -13.4842 45.6928 -8.01448 7.50315 -36.5581 -39.3387 -43.118 9.38627 -53.933 39.8108 -72.9726 4.62366 39.6784 13.7741 -2.6843 -17.1079 30.9145 -31.7956 -50.2192 9.16793 7.33752 -41.7589 26.8575 55.8679 -6.04742 
-61.4224 11.1274 29.8244 9.68259 -23.6431 -26.2617 -21.9807 -0.4535 -32.9646 -9.58488 30.677 42.2704 1.66596 -63.3642 -19.9366 -36.2428 -23.9405 8.71922 5.90384 71.6333 -24.3939 -12.7353 40.3623 21.4161 -23.4374 -20.4363 10.5049 
61.0251 6.28197 9.28623 -43.9575 -24.0199 28.2598 -12.7191 6.02995 -37.5031 -31.4994 23.5659 0.311615 19.3858 14.0644 -7.05982 27.9436 16.5719 52.5945 7.2044 -44.5145 -8.73456 -5.37455 19.9439 -33.1555 37.4695 -49.3507 -43.0282 
13.9605 53.3918 -14.7463 -5.1439 -5.26418 31.9031 -12.806 -30.1672 2.35113 -24.2407 8.04081 1.98393 -27.5501 -53.7423 51.0963 -7.707 -3.64533 7.34254 50.7335 -14.7371 -31.0277 -14.0638 -66.4276 -4.58797 -0.434875 -16.4149 2.66818 
-38.858 36.4416 55.447 28.539 -2.71061 -20.7883 2.16517 -53.3463 -9.64375 -14.623 34.6832 1.97085 7.18195 30.5563 25.4474 43.3543 -23.7539 22.7491 17.3265 -8.34693 20.5443 -9.24997 35.8391 -14.8929 5.72371 -18.8471 15.2926 
-15.2521 5.67705 11.032 43.7838 -31.8668 -20.4807 53.509 -54.6209 -18.4836 -2.60055 -7.34321 -44.3242 58.8586 -10.1225 -3.25512 22.9581 24.6035 -36.6744 -23.4426 -10.0986 -30.8694 -23.8607 -32.1777 -74.2792 -17.1292 -27.5338 17.4432 
26.9293 -28.661 -18.5402 -74.8617 61.0135 26.4818 -3.67139 -11.6543 -47.7806 -10.109 16.1689 6.71747 -13.5788 -26.9792 12.9682 -20.5375 19.4679 -26.2935 -4.60048 34.1104 22.4617 -3.98155 30.0659 -0.466882 -43.0114 -3.84303 15.5281 
7.36064 -50.3948 -56.3354 56.352 26.896 -45.981 35.9205 23.9306 2.91619 35.7607 -27.3688 16.8202 51.5365 29.2117 6.36119 -1.9379 62.8405 -3.55521 -37.6658 -35.0651 -23.7891 -18.6788 25.8436 2.85977 4.41864 18.6654 18.3374 
-3.06681 18.1568 -9.05149 -11.1458 36.0466 -1.48056 -40.8501 -88.2547 19.1868 -61.8276 -37.234 -8.98305 -49.351 46.0674 19.7818 -23.4346 55.8006 31.7977 5.86269 -52.9691 7.80621 -30.9007 -59.4077 8.94654 -23.0562 -2.10142 4.89484 
14.5012 0.725425 1.06768 6.52774 -6.4991 35.181 22.9678 -16.3455 14.0566 9.50426 30.7146 38.6223 1.04649 -12.0045 -11.4088 -5.68752 -27.2748 -28.8828 -12.5957 26.0604 37.8034 -14.4192 5.21274 -38.3962 -3.69584 -39.585 -18.9325 
17.9381 -13.1408 -6.76832 -67.4233 -21.3512 -42.4205 3.09972 21.9065 -7.45295 2.59423 -0.826553 -18.4767 61.5773 -8.2532 32.9388 -11.3164 30.388 -24.7582 -25.8697 -1.21383 -7.14351 1.02981 -23.3532 15.1653 -17.6247 4.89711 7.38659 
-50.5674 -6.32282 -12.3185 24.0943 10.5794 4.48003 -21.2394 -25.712 -5.17184 65.075 -44.3524 21.2316 14.1971 -38.2499 -27.701 -9.07001 -33.3282 5.79313 -14.9311 -19.2247 -48.1479 12.445 18.1766 1.13182 -19.2868 13.0449 10.0284 
-30.172 -26.3679 9.28869 2.07448 -0.793995 -32.9804 6.25418 10.439 -33.8402 -24.1315 21.7587 -36.1789 -2.53591 -6.71247 10.3776 9.81809 26.2872 -0.538732 58.3772 3.06877 -27.462 2.57895 8.94073 32.6248 23.6559 -43.428 -22.0742 
5.81146 20.5653 1.78319 -26.9624 -108.961 -18.8444 -27.0999 42.5546 13.6755 -28.176 -90.9043 -35.7512 22.4914 -5.13372 -8.41034 13.6503 65.7084 24.0222 24.9621 30.7477 12.5211 -16.0459 10.13 13.5132 -14.5634 -0.250687 -7.72676 
-52.9608 47.9425 61.822 22.1458 13.987 -10.437 -15.132 -5.56689 -14.984 -21.6357 63.6003 -30.6011 61.0973 -64.5123 -10.4531 -11.3881 -20.4972 -38.2824 -17.1123 -0.615214 -21.0092 21.0909 -58.3951 0.587157 -8.67325 -27.6983 -29.4948 
36.5405 -12.2234 -6.27389 -19.3054 11.7299 2.41803 -23.5119 -28.7759 -47.9922 32.5076 4.33103 19.8528 33.1123 16.6759 63.3854 12.944 1.4727 31.4781 -3.31968 22.335 -14.3833 25.2145 33.4933 -54.0233 -12.5539 38.9273 22.7071 
-33.9231 45.1238 -4.04293 37.5411 2.32209 -41.8994 -15.5141 -6.59328 13.5381 -0.861026 1.29608 -24.6083 39.1233 -50.3788 -13.747 18.3317 -5.0242 15.9339 2.0569 17.0703 53.443 -20.2412 27.2194 -9.65903 -16.6373 -26.1901 14.1926 
-3.96345 -71.405 -50.8228 -12.5658 32.6995 12.4823 47.8965 31.069 0.269794 8.24115 -1.01239 -32.6192 -8.96602 -61.6917 27.6703 -7.4388 -50.55 -4.79707 -26.7171 14.4726 -29.44 11.3306 -58.8422 -61.7922 -31.1564 -55.1166 -71.8183 
# 
-29.3756 -11.6921 47.7826 10.6052 -39.6429 16.1588 21.3127 6.27466 30.1575 38.7381 -10.24 7.97082 -9.03179 -13.1681 -21.5713 28.4784 -29.8252 28.4468 16.2307 -6.48234 -5.61345 -0.514034 44.1199 14.7553 26.1577 -38.6296 53.9266 
# 
